0 500
0.0166667 501.342
0.0333333 502.682
0.05 504.019
0.0666667 505.354
0.0833333 506.686
0.1 508.016
0.116667 509.343
0.133333 510.668
0.15 511.99
0.166667 513.309
0.183333 514.626
0.2 515.941
0.216667 517.253
0.233333 518.563
0.25 519.87
0.266667 521.175
0.283333 522.477
0.3 523.777
0.316667 525.074
0.333333 526.369
0.35 527.661
0.366667 528.951
0.383333 530.239
0.4 531.524
0.416667 532.806
0.433333 534.086
0.45 535.364
0.466667 536.64
0.483333 537.912
0.5 539.183
0.516667 540.451
0.533333 541.717
0.55 542.98
0.566667 544.241
0.583333 545.499
0.6 546.756
0.616667 548.009
0.633333 549.261
0.65 550.51
0.666667 551.756
0.683333 553.001
0.7 554.243
0.716667 555.482
0.733333 556.719
0.75 557.954
0.766667 559.187
0.783333 560.417
0.8 561.645
0.816667 562.87
0.833333 564.093
0.85 565.314
0.866667 566.533
0.883333 567.749
0.9 568.963
0.916667 570.175
0.933333 571.384
0.95 572.591
0.966667 573.796
0.983333 574.998
1 576.198
1.01667 577.396
1.03333 578.592
1.05 579.785
1.06667 580.976
1.08333 582.165
1.1 583.352
1.11667 584.536
1.13333 585.718
1.15 586.898
1.16667 588.075
1.18333 589.251
1.2 590.424
1.21667 591.595
1.23333 592.763
1.25 593.93
1.26667 595.094
1.28333 596.256
1.3 597.416
1.31667 598.573
1.33333 599.729
1.35 600.882
1.36667 602.033
1.38333 603.182
1.4 604.328
1.41667 605.473
1.43333 606.615
1.45 607.755
1.46667 608.893
1.48333 610.029
1.5 611.162
1.51667 612.294
1.53333 613.423
1.55 614.55
1.56667 615.675
1.58333 616.798
1.6 617.919
1.61667 619.038
1.63333 620.154
1.65 621.268
1.66667 622.381
1.68333 623.491
1.7 624.599
1.71667 625.705
1.73333 626.809
1.75 627.91
1.76667 629.01
1.78333 630.107
1.8 631.203
1.81667 632.296
1.83333 633.387
1.85 634.477
1.86667 635.564
1.88333 636.649
1.9 637.732
1.91667 638.813
1.93333 639.891
1.95 640.968
1.96667 642.043
1.98333 643.116
2 644.186
2.01667 645.255
2.03333 646.322
2.05 647.386
2.06667 648.449
2.08333 649.509
2.1 650.568
2.11667 651.624
2.13333 652.678
2.15 653.731
2.16667 654.781
2.18333 655.83
2.2 656.876
2.21667 657.921
2.23333 658.963
2.25 660.004
2.26667 661.042
2.28333 662.079
2.3 663.113
2.31667 664.146
2.33333 665.176
2.35 666.205
2.36667 667.232
2.38333 668.256
2.4 669.279
2.41667 670.3
2.43333 671.319
2.45 672.336
2.46667 673.351
2.48333 674.364
2.5 675.375
2.51667 676.384
2.53333 677.391
2.55 678.397
2.56667 679.4
2.58333 680.402
2.6 681.401
2.61667 682.399
2.63333 683.395
2.65 684.389
2.66667 685.381
2.68333 686.371
2.7 687.359
2.71667 688.345
2.73333 689.33
2.75 690.312
2.76667 691.293
2.78333 692.272
2.8 693.249
2.81667 694.224
2.83333 695.197
2.85 696.169
2.86667 697.138
2.88333 698.106
2.9 699.072
2.91667 700.036
2.93333 700.998
2.95 701.958
2.96667 702.917
2.98333 703.873
3 704.828
3.01667 705.781
3.03333 706.732
3.05 707.682
3.06667 708.629
3.08333 709.575
3.1 710.519
3.11667 711.461
3.13333 712.401
3.15 713.34
3.16667 714.277
3.18333 715.212
3.2 716.145
3.21667 717.076
3.23333 718.006
3.25 718.934
3.26667 719.86
3.28333 720.784
3.3 721.707
3.31667 722.627
3.33333 723.546
3.35 724.464
3.36667 725.379
3.38333 726.293
3.4 727.205
3.41667 728.115
3.43333 729.024
3.45 729.931
3.46667 730.836
3.48333 731.739
3.5 732.641
3.51667 733.54
3.53333 734.439
3.55 735.335
3.56667 736.23
3.58333 737.123
3.6 738.014
3.61667 738.904
3.63333 739.792
3.65 740.678
3.66667 741.562
3.68333 742.445
3.7 743.326
3.71667 744.206
3.73333 745.084
3.75 745.96
3.76667 746.834
3.78333 747.707
3.8 748.578
3.81667 749.447
3.83333 750.315
3.85 751.181
3.86667 752.046
3.88333 752.909
3.9 753.77
3.91667 754.629
3.93333 755.487
3.95 756.343
3.96667 757.198
3.98333 758.051
4 758.902
4.01667 759.752
4.03333 760.6
4.05 761.446
4.06667 762.291
4.08333 763.134
4.1 763.976
4.11667 764.816
4.13333 765.654
4.15 766.491
4.16667 767.326
4.18333 768.16
4.2 768.992
4.21667 769.822
4.23333 770.651
4.25 771.478
4.26667 772.304
4.28333 773.128
4.3 773.95
4.31667 774.771
4.33333 775.59
4.35 776.408
4.36667 777.224
4.38333 778.039
4.4 778.852
4.41667 779.663
4.43333 780.473
4.45 781.282
4.46667 782.089
4.48333 782.894
4.5 783.698
4.51667 784.5
4.53333 785.3
4.55 786.1
4.56667 786.897
4.58333 787.693
4.6 788.488
4.61667 789.281
4.63333 790.073
4.65 790.863
4.66667 791.651
4.68333 792.438
4.7 793.224
4.71667 794.008
4.73333 794.79
4.75 795.571
4.76667 796.35
4.78333 797.128
4.8 797.905
4.81667 798.68
4.83333 799.454
4.85 800.226
4.86667 800.996
4.88333 801.765
4.9 802.533
4.91667 803.299
4.93333 804.064
4.95 804.827
4.96667 805.589
4.98333 806.349
5 807.108
5.01667 807.865
5.03333 808.621
5.05 809.376
5.06667 810.129
5.08333 810.88
5.1 811.63
5.11667 812.379
5.13333 813.126
5.15 813.872
5.16667 814.617
5.18333 815.36
5.2 816.101
5.21667 816.841
5.23333 817.58
5.25 818.317
5.26667 819.053
5.28333 819.788
5.3 820.521
5.31667 821.253
5.33333 821.983
5.35 822.712
5.36667 823.439
5.38333 824.165
5.4 824.89
5.41667 825.613
5.43333 826.335
5.45 827.056
5.46667 827.775
5.48333 828.493
5.5 829.209
5.51667 829.924
5.53333 830.638
5.55 831.35
5.56667 832.061
5.58333 832.77
5.6 833.479
5.61667 834.185
5.63333 834.891
5.65 835.595
5.66667 836.298
5.68333 836.999
5.7 837.699
5.71667 838.398
5.73333 839.095
5.75 839.792
5.76667 840.486
5.78333 841.18
5.8 841.872
5.81667 842.562
5.83333 843.252
5.85 843.94
5.86667 844.627
5.88333 845.312
5.9 845.996
5.91667 846.679
5.93333 847.361
5.95 848.041
5.96667 848.72
5.98333 849.397
6 850.074
6.01667 850.749
6.03333 851.422
6.05 852.095
6.06667 852.766
6.08333 853.436
6.1 854.104
6.11667 854.771
6.13333 855.437
6.15 856.102
6.16667 856.766
6.18333 857.428
6.2 858.089
6.21667 858.748
6.23333 859.406
6.25 860.064
6.26667 860.719
6.28333 861.374
6.3 862.027
6.31667 862.679
6.33333 863.33
6.35 863.98
6.36667 864.628
6.38333 865.275
6.4 865.921
6.41667 866.565
6.43333 867.209
6.45 867.851
6.46667 868.492
6.48333 869.131
6.5 869.77
6.51667 870.407
6.53333 871.043
6.55 871.678
6.56667 872.311
6.58333 872.943
6.6 873.575
6.61667 874.204
6.63333 874.833
6.65 875.461
6.66667 876.087
6.68333 876.712
6.7 877.336
6.71667 877.958
6.73333 878.58
6.75 879.2
6.76667 879.819
6.78333 880.437
6.8 881.054
6.81667 881.669
6.83333 882.284
6.85 882.897
6.86667 883.509
6.88333 884.119
6.9 884.729
6.91667 885.338
6.93333 885.945
6.95 886.551
6.96667 887.156
6.98333 887.76
7 888.362
7.01667 888.964
7.03333 889.564
7.05 890.163
7.06667 890.761
7.08333 891.358
7.1 891.954
7.11667 892.548
7.13333 893.142
7.15 893.734
7.16667 894.325
7.18333 894.915
7.2 895.504
7.21667 896.092
7.23333 896.679
7.25 897.264
7.26667 897.848
7.28333 898.432
7.3 899.014
7.31667 899.595
7.33333 900.175
7.35 900.753
7.36667 901.331
7.38333 901.908
7.4 902.483
7.41667 903.057
7.43333 903.631
7.45 904.203
7.46667 904.774
7.48333 905.344
7.5 905.913
7.51667 906.48
7.53333 907.047
7.55 907.612
7.56667 908.177
7.58333 908.74
7.6 909.303
7.61667 909.864
7.63333 910.424
7.65 910.983
7.66667 911.541
7.68333 912.098
7.7 912.654
7.71667 913.209
7.73333 913.762
7.75 914.315
7.76667 914.867
7.78333 915.417
7.8 915.967
7.81667 916.515
7.83333 917.062
7.85 917.609
7.86667 918.154
7.88333 918.698
7.9 919.241
7.91667 919.783
7.93333 920.324
7.95 920.864
7.96667 921.403
7.98333 921.941
8 922.478
8.01667 923.014
8.03333 923.549
8.05 924.083
8.06667 924.616
8.08333 925.147
8.1 925.678
8.11667 926.208
8.13333 926.737
8.15 927.264
8.16667 927.791
8.18333 928.317
8.2 928.841
8.21667 929.365
8.23333 929.888
8.25 930.409
8.26667 930.93
8.28333 931.449
8.3 931.968
8.31667 932.486
8.33333 933.002
8.35 933.518
8.36667 934.033
8.38333 934.546
8.4 935.059
8.41667 935.571
8.43333 936.081
8.45 936.591
8.46667 937.1
8.48333 937.607
8.5 938.114
8.51667 938.62
8.53333 939.125
8.55 939.629
8.56667 940.132
8.58333 940.634
8.6 941.134
8.61667 941.634
8.63333 942.134
8.65 942.632
8.66667 943.129
8.68333 943.625
8.7 944.12
8.71667 944.614
8.73333 945.108
8.75 945.6
8.76667 946.091
8.78333 946.582
8.8 947.071
8.81667 947.56
8.83333 948.047
8.85 948.534
8.86667 949.02
8.88333 949.505
8.9 949.989
8.91667 950.471
8.93333 950.954
8.95 951.435
8.96667 951.915
8.98333 952.394
9 952.872
9.01667 953.35
9.03333 953.826
9.05 954.302
9.06667 954.776
9.08333 955.25
9.1 955.723
9.11667 956.195
9.13333 956.666
9.15 957.136
9.16667 957.605
9.18333 958.073
9.2 958.541
9.21667 959.007
9.23333 959.473
9.25 959.938
9.26667 960.401
9.28333 960.864
9.3 961.326
9.31667 961.787
9.33333 962.248
9.35 962.707
9.36667 963.165
9.38333 963.623
9.4 964.08
9.41667 964.535
9.43333 964.99
9.45 965.444
9.46667 965.898
9.48333 966.35
9.5 966.801
9.51667 967.252
9.53333 967.702
9.55 968.15
9.56667 968.598
9.58333 969.046
9.6 969.492
9.61667 969.937
9.63333 970.382
9.65 970.825
9.66667 971.268
9.68333 971.71
9.7 972.151
9.71667 972.592
9.73333 973.031
9.75 973.47
9.76667 973.907
9.78333 974.344
9.8 974.78
9.81667 975.215
9.83333 975.65
9.85 976.083
9.86667 976.516
9.88333 976.948
9.9 977.379
9.91667 977.809
9.93333 978.238
9.95 978.667
9.96667 979.095
9.98333 979.522
10 979.948
10.0167 980.373
10.0333 980.797
10.05 981.221
10.0667 981.644
10.0833 982.066
10.1 982.487
10.1167 982.907
10.1333 983.327
10.15 983.746
10.1667 984.163
10.1833 984.581
10.2 984.997
10.2167 985.412
10.2333 985.827
10.25 986.241
10.2667 986.654
10.2833 987.066
10.3 987.478
10.3167 987.889
10.3333 988.299
10.35 988.708
10.3667 989.116
10.3833 989.524
10.4 989.931
10.4167 990.337
10.4333 990.742
10.45 991.146
10.4667 991.55
10.4833 991.953
10.5 992.355
10.5167 992.756
10.5333 993.157
10.55 993.557
10.5667 993.956
10.5833 994.354
10.6 994.751
10.6167 995.148
10.6333 995.544
10.65 995.939
10.6667 996.334
10.6833 996.727
10.7 997.12
10.7167 997.512
10.7333 997.904
10.75 998.294
10.7667 998.684
10.7833 999.073
10.8 999.462
10.8167 999.849
10.8333 1000.24
10.85 1000.62
10.8667 1001.01
10.8833 1001.39
10.9 1001.78
10.9167 1002.16
10.9333 1002.54
10.95 1002.92
10.9667 1003.3
10.9833 1003.68
11 1004.06
11.0167 1004.44
11.0333 1004.82
11.05 1005.2
11.0667 1005.58
11.0833 1005.95
11.1 1006.33
11.1167 1006.7
11.1333 1007.07
11.15 1007.45
11.1667 1007.82
11.1833 1008.19
11.2 1008.56
11.2167 1008.93
11.2333 1009.3
11.25 1009.67
11.2667 1010.04
11.2833 1010.41
11.3 1010.77
11.3167 1011.14
11.3333 1011.5
11.35 1011.87
11.3667 1012.23
11.3833 1012.59
11.4 1012.96
11.4167 1013.32
11.4333 1013.68
11.45 1014.04
11.4667 1014.4
11.4833 1014.76
11.5 1015.12
11.5167 1015.47
11.5333 1015.83
11.55 1016.19
11.5667 1016.54
11.5833 1016.9
11.6 1017.25
11.6167 1017.6
11.6333 1017.96
11.65 1018.31
11.6667 1018.66
11.6833 1019.01
11.7 1019.36
11.7167 1019.71
11.7333 1020.06
11.75 1020.41
11.7667 1020.75
11.7833 1021.1
11.8 1021.45
11.8167 1021.79
11.8333 1022.13
11.85 1022.48
11.8667 1022.82
11.8833 1023.16
11.9 1023.51
11.9167 1023.85
11.9333 1024.19
11.95 1024.53
11.9667 1024.87
11.9833 1025.21
12 1025.54
12.0167 1025.88
12.0333 1026.22
12.05 1026.55
12.0667 1026.89
12.0833 1027.22
12.1 1027.56
12.1167 1027.89
12.1333 1028.22
12.15 1028.56
12.1667 1028.89
12.1833 1029.22
12.2 1029.55
12.2167 1029.88
12.2333 1030.21
12.25 1030.54
12.2667 1030.86
12.2833 1031.19
12.3 1031.52
12.3167 1031.84
12.3333 1032.17
12.35 1032.49
12.3667 1032.82
12.3833 1033.14
12.4 1033.46
12.4167 1033.79
12.4333 1034.11
12.45 1034.43
12.4667 1034.75
12.4833 1035.07
12.5 1035.39
12.5167 1035.7
12.5333 1036.02
12.55 1036.34
12.5667 1036.66
12.5833 1036.97
12.6 1037.29
12.6167 1037.6
12.6333 1037.92
12.65 1038.23
12.6667 1038.54
12.6833 1038.85
12.7 1039.17
12.7167 1039.48
12.7333 1039.79
12.75 1040.1
12.7667 1040.41
12.7833 1040.72
12.8 1041.02
12.8167 1041.33
12.8333 1041.64
12.85 1041.94
12.8667 1042.25
12.8833 1042.56
12.9 1042.86
12.9167 1043.16
12.9333 1043.47
12.95 1043.77
12.9667 1044.07
12.9833 1044.37
13 1044.67
13.0167 1044.97
13.0333 1045.27
13.05 1045.57
13.0667 1045.87
13.0833 1046.17
13.1 1046.47
13.1167 1046.77
13.1333 1047.06
13.15 1047.36
13.1667 1047.65
13.1833 1047.95
13.2 1048.24
13.2167 1048.53
13.2333 1048.83
13.25 1049.12
13.2667 1049.41
13.2833 1049.7
13.3 1049.99
13.3167 1050.28
13.3333 1050.57
13.35 1050.86
13.3667 1051.15
13.3833 1051.44
13.4 1051.73
13.4167 1052.01
13.4333 1052.3
13.45 1052.59
13.4667 1052.87
13.4833 1053.16
13.5 1053.44
13.5167 1053.72
13.5333 1054.01
13.55 1054.29
13.5667 1054.57
13.5833 1054.85
13.6 1055.13
13.6167 1055.41
13.6333 1055.69
13.65 1055.97
13.6667 1056.25
13.6833 1056.53
13.7 1056.81
13.7167 1057.08
13.7333 1057.36
13.75 1057.63
13.7667 1057.91
13.7833 1058.18
13.8 1058.46
13.8167 1058.73
13.8333 1059.01
13.85 1059.28
13.8667 1059.55
13.8833 1059.82
13.9 1060.09
13.9167 1060.36
13.9333 1060.64
13.95 1060.9
13.9667 1061.17
13.9833 1061.44
14 1061.71
14.0167 1061.98
14.0333 1062.24
14.05 1062.51
14.0667 1062.78
14.0833 1063.04
14.1 1063.31
14.1167 1063.57
14.1333 1063.84
14.15 1064.1
14.1667 1064.36
14.1833 1064.62
14.2 1064.89
14.2167 1065.15
14.2333 1065.41
14.25 1065.67
14.2667 1065.93
14.2833 1066.19
14.3 1066.45
14.3167 1066.71
14.3333 1066.96
14.35 1067.22
14.3667 1067.48
14.3833 1067.73
14.4 1067.99
14.4167 1068.25
14.4333 1068.5
14.45 1068.76
14.4667 1069.01
14.4833 1069.26
14.5 1069.52
14.5167 1069.77
14.5333 1070.02
14.55 1070.27
14.5667 1070.52
14.5833 1070.77
14.6 1071.02
14.6167 1071.27
14.6333 1071.52
14.65 1071.77
14.6667 1072.02
14.6833 1072.27
14.7 1072.51
14.7167 1072.76
14.7333 1073.01
14.75 1073.25
14.7667 1073.5
14.7833 1073.74
14.8 1073.99
14.8167 1074.23
14.8333 1074.47
14.85 1074.72
14.8667 1074.96
14.8833 1075.2
14.9 1075.44
14.9167 1075.68
14.9333 1075.92
14.95 1076.16
14.9667 1076.4
14.9833 1076.64
15 1076.88
15.0167 1077.12
15.0333 1077.36
15.05 1077.59
15.0667 1077.83
15.0833 1078.07
15.1 1078.3
15.1167 1078.54
15.1333 1078.77
15.15 1079.01
15.1667 1079.24
15.1833 1079.48
15.2 1079.71
15.2167 1079.94
15.2333 1080.17
15.25 1080.41
15.2667 1080.64
15.2833 1080.87
15.3 1081.1
15.3167 1081.33
15.3333 1081.56
15.35 1081.79
15.3667 1082.02
15.3833 1082.25
15.4 1082.47
15.4167 1082.7
15.4333 1082.93
15.45 1083.15
15.4667 1083.38
15.4833 1083.61
15.5 1083.83
15.5167 1084.06
15.5333 1084.28
15.55 1084.5
15.5667 1084.73
15.5833 1084.95
15.6 1085.17
15.6167 1085.4
15.6333 1085.62
15.65 1085.84
15.6667 1086.06
15.6833 1086.28
15.7 1086.5
15.7167 1086.72
15.7333 1086.94
15.75 1087.16
15.7667 1087.38
15.7833 1087.59
15.8 1087.81
15.8167 1088.03
15.8333 1088.25
15.85 1088.46
15.8667 1088.68
15.8833 1088.89
15.9 1089.11
15.9167 1089.32
15.9333 1089.54
15.95 1089.75
15.9667 1089.96
15.9833 1090.18
16 1090.39
16.0167 1090.6
16.0333 1090.81
16.05 1091.02
16.0667 1091.24
16.0833 1091.45
16.1 1091.66
16.1167 1091.87
16.1333 1092.08
16.15 1092.28
16.1667 1092.49
16.1833 1092.7
16.2 1092.91
16.2167 1093.12
16.2333 1093.32
16.25 1093.53
16.2667 1093.74
16.2833 1093.94
16.3 1094.15
16.3167 1094.35
16.3333 1094.56
16.35 1094.76
16.3667 1094.96
16.3833 1095.17
16.4 1095.37
16.4167 1095.57
16.4333 1095.77
16.45 1095.98
16.4667 1096.18
16.4833 1096.38
16.5 1096.58
16.5167 1096.78
16.5333 1096.98
16.55 1097.18
16.5667 1097.38
16.5833 1097.58
16.6 1097.77
16.6167 1097.97
16.6333 1098.17
16.65 1098.37
16.6667 1098.56
16.6833 1098.76
16.7 1098.96
16.7167 1099.15
16.7333 1099.35
16.75 1099.54
16.7667 1099.74
16.7833 1099.93
16.8 1100.12
16.8167 1100.32
16.8333 1100.51
16.85 1100.7
16.8667 1100.89
16.8833 1101.09
16.9 1101.28
16.9167 1101.47
16.9333 1101.66
16.95 1101.85
16.9667 1102.04
16.9833 1102.23
17 1102.42
17.0167 1102.61
17.0333 1102.8
17.05 1102.98
17.0667 1103.17
17.0833 1103.36
17.1 1103.55
17.1167 1103.73
17.1333 1103.92
17.15 1104.11
17.1667 1104.29
17.1833 1104.48
17.2 1104.66
17.2167 1104.85
17.2333 1105.03
17.25 1105.21
17.2667 1105.4
17.2833 1105.58
17.3 1105.76
17.3167 1105.95
17.3333 1106.13
17.35 1106.31
17.3667 1106.49
17.3833 1106.67
17.4 1106.85
17.4167 1107.03
17.4333 1107.21
17.45 1107.39
17.4667 1107.57
17.4833 1107.75
17.5 1107.93
17.5167 1108.11
17.5333 1108.28
17.55 1108.46
17.5667 1108.64
17.5833 1108.82
17.6 1108.99
17.6167 1109.17
17.6333 1109.35
17.65 1109.52
17.6667 1109.7
17.6833 1109.87
17.7 1110.04
17.7167 1110.22
17.7333 1110.39
17.75 1110.57
17.7667 1110.74
17.7833 1110.91
17.8 1111.08
17.8167 1111.26
17.8333 1111.43
17.85 1111.6
17.8667 1111.77
17.8833 1111.94
17.9 1112.11
17.9167 1112.28
17.9333 1112.45
17.95 1112.62
17.9667 1112.79
17.9833 1112.96
18 1113.13
18.0167 1113.3
18.0333 1113.46
18.05 1113.63
18.0667 1113.8
18.0833 1113.97
18.1 1114.13
18.1167 1114.3
18.1333 1114.46
18.15 1114.63
18.1667 1114.8
18.1833 1114.96
18.2 1115.13
18.2167 1115.29
18.2333 1115.45
18.25 1115.62
18.2667 1115.78
18.2833 1115.94
18.3 1116.11
18.3167 1116.27
18.3333 1116.43
18.35 1116.59
18.3667 1116.75
18.3833 1116.92
18.4 1117.08
18.4167 1117.24
18.4333 1117.4
18.45 1117.56
18.4667 1117.72
18.4833 1117.88
18.5 1118.03
18.5167 1118.19
18.5333 1118.35
18.55 1118.51
18.5667 1118.67
18.5833 1118.83
18.6 1118.98
18.6167 1119.14
18.6333 1119.3
18.65 1119.45
18.6667 1119.61
18.6833 1119.76
18.7 1119.92
18.7167 1120.07
18.7333 1120.23
18.75 1120.38
18.7667 1120.54
18.7833 1120.69
18.8 1120.84
18.8167 1121
18.8333 1121.15
18.85 1121.3
18.8667 1121.46
18.8833 1121.61
18.9 1121.76
18.9167 1121.91
18.9333 1122.06
18.95 1122.21
18.9667 1122.36
18.9833 1122.51
19 1122.66
19.0167 1122.81
19.0333 1122.96
19.05 1123.11
19.0667 1123.26
19.0833 1123.41
19.1 1123.56
19.1167 1123.71
19.1333 1123.85
19.15 1124
19.1667 1124.15
19.1833 1124.3
19.2 1124.44
19.2167 1124.59
19.2333 1124.73
19.25 1124.88
19.2667 1125.03
19.2833 1125.17
19.3 1125.32
19.3167 1125.46
19.3333 1125.6
19.35 1125.75
19.3667 1125.89
19.3833 1126.04
19.4 1126.18
19.4167 1126.32
19.4333 1126.46
19.45 1126.61
19.4667 1126.75
19.4833 1126.89
19.5 1127.03
19.5167 1127.17
19.5333 1127.31
19.55 1127.46
19.5667 1127.6
19.5833 1127.74
19.6 1127.88
19.6167 1128.02
19.6333 1128.16
19.65 1128.29
19.6667 1128.43
19.6833 1128.57
19.7 1128.71
19.7167 1128.85
19.7333 1128.99
19.75 1129.12
19.7667 1129.26
19.7833 1129.4
19.8 1129.53
19.8167 1129.67
19.8333 1129.81
19.85 1129.94
19.8667 1130.08
19.8833 1130.21
19.9 1130.35
19.9167 1130.48
19.9333 1130.62
19.95 1130.75
19.9667 1130.89
19.9833 1131.02
