0 500
0.0166667 500.568
0.0333333 501.135
0.05 501.703
0.0666667 502.271
0.0833333 502.839
0.1 503.408
0.116667 503.976
0.133333 504.545
0.15 505.114
0.166667 505.683
0.183333 506.252
0.2 506.821
0.216667 507.39
0.233333 507.959
0.25 508.529
0.266667 509.098
0.283333 509.668
0.3 510.238
0.316667 510.807
0.333333 511.377
0.35 511.947
0.366667 512.516
0.383333 513.086
0.4 513.656
0.416667 514.226
0.433333 514.796
0.45 515.366
0.466667 515.935
0.483333 516.505
0.5 517.075
0.516667 517.645
0.533333 518.215
0.55 518.784
0.566667 519.354
0.583333 519.924
0.6 520.493
0.616667 521.063
0.633333 521.632
0.65 522.201
0.666667 522.771
0.683333 523.34
0.7 523.909
0.716667 524.478
0.733333 525.047
0.75 525.616
0.766667 526.185
0.783333 526.753
0.8 527.322
0.816667 527.89
0.833333 528.458
0.85 529.026
0.866667 529.594
0.883333 530.162
0.9 530.73
0.916667 531.297
0.933333 531.865
0.95 532.432
0.966667 532.999
0.983333 533.566
1 534.133
1.01667 534.699
1.03333 535.266
1.05 535.832
1.06667 536.398
1.08333 536.964
1.1 537.53
1.11667 538.095
1.13333 538.66
1.15 539.225
1.16667 539.79
1.18333 540.355
1.2 540.919
1.21667 541.484
1.23333 542.048
1.25 542.612
1.26667 543.175
1.28333 543.739
1.3 544.302
1.31667 544.865
1.33333 545.427
1.35 545.99
1.36667 546.552
1.38333 547.114
1.4 547.675
1.41667 548.237
1.43333 548.798
1.45 549.359
1.46667 549.92
1.48333 550.48
1.5 551.04
1.51667 551.6
1.53333 552.16
1.55 552.719
1.56667 553.278
1.58333 553.837
1.6 554.396
1.61667 554.954
1.63333 555.512
1.65 556.07
1.66667 556.627
1.68333 557.184
1.7 557.741
1.71667 558.298
1.73333 558.854
1.75 559.41
1.76667 559.965
1.78333 560.521
1.8 561.076
1.81667 561.631
1.83333 562.185
1.85 562.739
1.86667 563.293
1.88333 563.847
1.9 564.4
1.91667 564.953
1.93333 565.505
1.95 566.058
1.96667 566.61
1.98333 567.161
2 567.713
2.01667 568.264
2.03333 568.814
2.05 569.365
2.06667 569.915
2.08333 570.464
2.1 571.014
2.11667 571.563
2.13333 572.111
2.15 572.66
2.16667 573.208
2.18333 573.755
2.2 574.303
2.21667 574.85
2.23333 575.396
2.25 575.943
2.26667 576.489
2.28333 577.034
2.3 577.58
2.31667 578.125
2.33333 578.669
2.35 579.213
2.36667 579.757
2.38333 580.301
2.4 580.844
2.41667 581.387
2.43333 581.929
2.45 582.472
2.46667 583.013
2.48333 583.555
2.5 584.096
2.51667 584.637
2.53333 585.177
2.55 585.717
2.56667 586.256
2.58333 586.796
2.6 587.335
2.61667 587.873
2.63333 588.411
2.65 588.949
2.66667 589.487
2.68333 590.024
2.7 590.56
2.71667 591.097
2.73333 591.633
2.75 592.168
2.76667 592.703
2.78333 593.238
2.8 593.773
2.81667 594.307
2.83333 594.84
2.85 595.374
2.86667 595.907
2.88333 596.439
2.9 596.972
2.91667 597.503
2.93333 598.035
2.95 598.566
2.96667 599.097
2.98333 599.627
3 600.157
3.01667 600.686
3.03333 601.216
3.05 601.744
3.06667 602.273
3.08333 602.801
3.1 603.328
3.11667 603.856
3.13333 604.383
3.15 604.909
3.16667 605.435
3.18333 605.961
3.2 606.486
3.21667 607.011
3.23333 607.536
3.25 608.06
3.26667 608.584
3.28333 609.107
3.3 609.63
3.31667 610.153
3.33333 610.675
3.35 611.197
3.36667 611.718
3.38333 612.239
3.4 612.76
3.41667 613.28
3.43333 613.8
3.45 614.319
3.46667 614.839
3.48333 615.357
3.5 615.876
3.51667 616.393
3.53333 616.911
3.55 617.428
3.56667 617.945
3.58333 618.461
3.6 618.977
3.61667 619.493
3.63333 620.008
3.65 620.523
3.66667 621.037
3.68333 621.551
3.7 622.064
3.71667 622.578
3.73333 623.09
3.75 623.603
3.76667 624.115
3.78333 624.626
3.8 625.138
3.81667 625.648
3.83333 626.159
3.85 626.669
3.86667 627.178
3.88333 627.688
3.9 628.196
3.91667 628.705
3.93333 629.213
3.95 629.72
3.96667 630.228
3.98333 630.734
4 631.241
4.01667 631.747
4.03333 632.252
4.05 632.758
4.06667 633.263
4.08333 633.767
4.1 634.271
4.11667 634.775
4.13333 635.278
4.15 635.781
4.16667 636.283
4.18333 636.785
4.2 637.287
4.21667 637.788
4.23333 638.289
4.25 638.789
4.26667 639.289
4.28333 639.789
4.3 640.288
4.31667 640.787
4.33333 641.285
4.35 641.783
4.36667 642.281
4.38333 642.778
4.4 643.275
4.41667 643.771
4.43333 644.268
4.45 644.763
4.46667 645.258
4.48333 645.753
4.5 646.248
4.51667 646.742
4.53333 647.235
4.55 647.729
4.56667 648.221
4.58333 648.714
4.6 649.206
4.61667 649.697
4.63333 650.189
4.65 650.68
4.66667 651.17
4.68333 651.66
4.7 652.15
4.71667 652.639
4.73333 653.128
4.75 653.616
4.76667 654.104
4.78333 654.592
4.8 655.079
4.81667 655.566
4.83333 656.052
4.85 656.538
4.86667 657.024
4.88333 657.509
4.9 657.994
4.91667 658.479
4.93333 658.963
4.95 659.446
4.96667 659.93
4.98333 660.412
5 660.895
5.01667 661.377
5.03333 661.859
5.05 662.34
5.06667 662.821
5.08333 663.301
5.1 663.781
5.11667 664.261
5.13333 664.74
5.15 665.219
5.16667 665.698
5.18333 666.176
5.2 666.653
5.21667 667.131
5.23333 667.608
5.25 668.084
5.26667 668.56
5.28333 669.036
5.3 669.511
5.31667 669.986
5.33333 670.461
5.35 670.935
5.36667 671.408
5.38333 671.882
5.4 672.355
5.41667 672.827
5.43333 673.299
5.45 673.771
5.46667 674.243
5.48333 674.713
5.5 675.184
5.51667 675.654
5.53333 676.124
5.55 676.593
5.56667 677.062
5.58333 677.531
5.6 677.999
5.61667 678.467
5.63333 678.934
5.65 679.401
5.66667 679.868
5.68333 680.334
5.7 680.8
5.71667 681.266
5.73333 681.731
5.75 682.195
5.76667 682.66
5.78333 683.124
5.8 683.587
5.81667 684.05
5.83333 684.513
5.85 684.975
5.86667 685.437
5.88333 685.899
5.9 686.36
5.91667 686.821
5.93333 687.281
5.95 687.741
5.96667 688.201
5.98333 688.66
6 689.119
6.01667 689.577
6.03333 690.035
6.05 690.493
6.06667 690.95
6.08333 691.407
6.1 691.864
6.11667 692.32
6.13333 692.775
6.15 693.231
6.16667 693.686
6.18333 694.14
6.2 694.594
6.21667 695.048
6.23333 695.502
6.25 695.955
6.26667 696.407
6.28333 696.86
6.3 697.311
6.31667 697.763
6.33333 698.214
6.35 698.665
6.36667 699.115
6.38333 699.565
6.4 700.014
6.41667 700.464
6.43333 700.912
6.45 701.361
6.46667 701.809
6.48333 702.256
6.5 702.704
6.51667 703.151
6.53333 703.597
6.55 704.043
6.56667 704.489
6.58333 704.934
6.6 705.379
6.61667 705.824
6.63333 706.268
6.65 706.712
6.66667 707.155
6.68333 707.598
6.7 708.041
6.71667 708.483
6.73333 708.925
6.75 709.367
6.76667 709.808
6.78333 710.249
6.8 710.689
6.81667 711.129
6.83333 711.569
6.85 712.008
6.86667 712.447
6.88333 712.886
6.9 713.324
6.91667 713.761
6.93333 714.199
6.95 714.636
6.96667 715.072
6.98333 715.509
7 715.945
7.01667 716.38
7.03333 716.815
7.05 717.25
7.06667 717.684
7.08333 718.118
7.1 718.552
7.11667 718.985
7.13333 719.418
7.15 719.851
7.16667 720.283
7.18333 720.715
7.2 721.146
7.21667 721.577
7.23333 722.008
7.25 722.438
7.26667 722.868
7.28333 723.297
7.3 723.727
7.31667 724.155
7.33333 724.584
7.35 725.012
7.36667 725.44
7.38333 725.867
7.4 726.294
7.41667 726.72
7.43333 727.147
7.45 727.572
7.46667 727.998
7.48333 728.423
7.5 728.848
7.51667 729.272
7.53333 729.696
7.55 730.12
7.56667 730.543
7.58333 730.966
7.6 731.388
7.61667 731.81
7.63333 732.232
7.65 732.654
7.66667 733.075
7.68333 733.495
7.7 733.916
7.71667 734.336
7.73333 734.755
7.75 735.175
7.76667 735.593
7.78333 736.012
7.8 736.43
7.81667 736.848
7.83333 737.265
7.85 737.682
7.86667 738.099
7.88333 738.515
7.9 738.931
7.91667 739.347
7.93333 739.762
7.95 740.177
7.96667 740.592
7.98333 741.006
8 741.419
8.01667 741.833
8.03333 742.246
8.05 742.659
8.06667 743.071
8.08333 743.483
8.1 743.895
8.11667 744.306
8.13333 744.717
8.15 745.127
8.16667 745.538
8.18333 745.947
8.2 746.357
8.21667 746.766
8.23333 747.175
8.25 747.583
8.26667 747.991
8.28333 748.399
8.3 748.806
8.31667 749.213
8.33333 749.62
8.35 750.026
8.36667 750.432
8.38333 750.838
8.4 751.243
8.41667 751.648
8.43333 752.052
8.45 752.457
8.46667 752.86
8.48333 753.264
8.5 753.667
8.51667 754.07
8.53333 754.472
8.55 754.874
8.56667 755.276
8.58333 755.677
8.6 756.078
8.61667 756.479
8.63333 756.879
8.65 757.279
8.66667 757.679
8.68333 758.078
8.7 758.477
8.71667 758.875
8.73333 759.273
8.75 759.671
8.76667 760.069
8.78333 760.466
8.8 760.863
8.81667 761.259
8.83333 761.655
8.85 762.051
8.86667 762.446
8.88333 762.841
8.9 763.236
8.91667 763.63
8.93333 764.024
8.95 764.418
8.96667 764.811
8.98333 765.204
9 765.597
9.01667 765.989
9.03333 766.381
9.05 766.773
9.06667 767.164
9.08333 767.555
9.1 767.946
9.11667 768.336
9.13333 768.726
9.15 769.115
9.16667 769.504
9.18333 769.893
9.2 770.282
9.21667 770.67
9.23333 771.058
9.25 771.445
9.26667 771.832
9.28333 772.219
9.3 772.606
9.31667 772.992
9.33333 773.378
9.35 773.763
9.36667 774.148
9.38333 774.533
9.4 774.917
9.41667 775.302
9.43333 775.685
9.45 776.069
9.46667 776.452
9.48333 776.835
9.5 777.217
9.51667 777.599
9.53333 777.981
9.55 778.362
9.56667 778.743
9.58333 779.124
9.6 779.504
9.61667 779.884
9.63333 780.264
9.65 780.643
9.66667 781.023
9.68333 781.401
9.7 781.78
9.71667 782.158
9.73333 782.535
9.75 782.913
9.76667 783.29
9.78333 783.667
9.8 784.043
9.81667 784.419
9.83333 784.795
9.85 785.17
9.86667 785.545
9.88333 785.92
9.9 786.294
9.91667 786.668
9.93333 787.042
9.95 787.416
9.96667 787.789
9.98333 788.161
10 788.534
10.0167 788.906
10.0333 789.278
10.05 789.649
10.0667 790.02
10.0833 790.391
10.1 790.761
10.1167 791.131
10.1333 791.501
10.15 791.871
10.1667 792.24
10.1833 792.609
10.2 792.977
10.2167 793.345
10.2333 793.713
10.25 794.081
10.2667 794.448
10.2833 794.815
10.3 795.181
10.3167 795.548
10.3333 795.913
10.35 796.279
10.3667 796.644
10.3833 797.009
10.4 797.374
10.4167 797.738
10.4333 798.102
10.45 798.466
10.4667 798.829
10.4833 799.192
10.5 799.555
10.5167 799.917
10.5333 800.279
10.55 800.641
10.5667 801.002
10.5833 801.363
10.6 801.724
10.6167 802.084
10.6333 802.444
10.65 802.804
10.6667 803.164
10.6833 803.523
10.7 803.882
10.7167 804.24
10.7333 804.598
10.75 804.956
10.7667 805.314
10.7833 805.671
10.8 806.028
10.8167 806.385
10.8333 806.741
10.85 807.097
10.8667 807.452
10.8833 807.808
10.9 808.163
10.9167 808.518
10.9333 808.872
10.95 809.226
10.9667 809.58
10.9833 809.933
11 810.286
11.0167 810.639
11.0333 810.992
11.05 811.344
11.0667 811.696
11.0833 812.048
11.1 812.399
11.1167 812.75
11.1333 813.1
11.15 813.451
11.1667 813.801
11.1833 814.151
11.2 814.5
11.2167 814.849
11.2333 815.198
11.25 815.546
11.2667 815.894
11.2833 816.242
11.3 816.59
11.3167 816.937
11.3333 817.284
11.35 817.631
11.3667 817.977
11.3833 818.323
11.4 818.669
11.4167 819.014
11.4333 819.359
11.45 819.704
11.4667 820.048
11.4833 820.393
11.5 820.736
11.5167 821.08
11.5333 821.423
11.55 821.766
11.5667 822.109
11.5833 822.451
11.6 822.793
11.6167 823.135
11.6333 823.476
11.65 823.818
11.6667 824.158
11.6833 824.499
11.7 824.839
11.7167 825.179
11.7333 825.519
11.75 825.858
11.7667 826.197
11.7833 826.536
11.8 826.874
11.8167 827.212
11.8333 827.55
11.85 827.887
11.8667 828.225
11.8833 828.562
11.9 828.898
11.9167 829.234
11.9333 829.57
11.95 829.906
11.9667 830.242
11.9833 830.577
12 830.911
12.0167 831.246
12.0333 831.58
12.05 831.914
12.0667 832.248
12.0833 832.581
12.1 832.914
12.1167 833.247
12.1333 833.579
12.15 833.911
12.1667 834.243
12.1833 834.575
12.2 834.906
12.2167 835.237
12.2333 835.568
12.25 835.898
12.2667 836.228
12.2833 836.558
12.3 836.887
12.3167 837.216
12.3333 837.545
12.35 837.874
12.3667 838.202
12.3833 838.53
12.4 838.858
12.4167 839.185
12.4333 839.513
12.45 839.839
12.4667 840.166
12.4833 840.492
12.5 840.818
12.5167 841.144
12.5333 841.469
12.55 841.794
12.5667 842.119
12.5833 842.444
12.6 842.768
12.6167 843.092
12.6333 843.415
12.65 843.739
12.6667 844.062
12.6833 844.385
12.7 844.707
12.7167 845.029
12.7333 845.351
12.75 845.673
12.7667 845.994
12.7833 846.315
12.8 846.636
12.8167 846.957
12.8333 847.277
12.85 847.597
12.8667 847.916
12.8833 848.236
12.9 848.555
12.9167 848.874
12.9333 849.192
12.95 849.51
12.9667 849.828
12.9833 850.146
13 850.463
13.0167 850.78
13.0333 851.097
13.05 851.414
13.0667 851.73
13.0833 852.046
13.1 852.362
13.1167 852.677
13.1333 852.992
13.15 853.307
13.1667 853.621
13.1833 853.936
13.2 854.25
13.2167 854.563
13.2333 854.877
13.25 855.19
13.2667 855.503
13.2833 855.815
13.3 856.128
13.3167 856.44
13.3333 856.751
13.35 857.063
13.3667 857.374
13.3833 857.685
13.4 857.996
13.4167 858.306
13.4333 858.616
13.45 858.926
13.4667 859.235
13.4833 859.545
13.5 859.854
13.5167 860.162
13.5333 860.471
13.55 860.779
13.5667 861.087
13.5833 861.394
13.6 861.702
13.6167 862.009
13.6333 862.315
13.65 862.622
13.6667 862.928
13.6833 863.234
13.7 863.54
13.7167 863.845
13.7333 864.15
13.75 864.455
13.7667 864.76
13.7833 865.064
13.8 865.368
13.8167 865.672
13.8333 865.975
13.85 866.278
13.8667 866.581
13.8833 866.884
13.9 867.186
13.9167 867.489
13.9333 867.79
13.95 868.092
13.9667 868.393
13.9833 868.694
14 868.995
14.0167 869.296
14.0333 869.596
14.05 869.896
14.0667 870.196
14.0833 870.495
14.1 870.794
14.1167 871.093
14.1333 871.392
14.15 871.69
14.1667 871.988
14.1833 872.286
14.2 872.584
14.2167 872.881
14.2333 873.178
14.25 873.475
14.2667 873.771
14.2833 874.068
14.3 874.363
14.3167 874.659
14.3333 874.955
14.35 875.25
14.3667 875.545
14.3833 875.839
14.4 876.134
14.4167 876.428
14.4333 876.722
14.45 877.015
14.4667 877.309
14.4833 877.602
14.5 877.895
14.5167 878.187
14.5333 878.479
14.55 878.771
14.5667 879.063
14.5833 879.355
14.6 879.646
14.6167 879.937
14.6333 880.228
14.65 880.518
14.6667 880.808
14.6833 881.098
14.7 881.388
14.7167 881.677
14.7333 881.967
14.75 882.255
14.7667 882.544
14.7833 882.832
14.8 883.121
14.8167 883.408
14.8333 883.696
14.85 883.983
14.8667 884.27
14.8833 884.557
14.9 884.844
14.9167 885.13
14.9333 885.416
14.95 885.702
14.9667 885.988
14.9833 886.273
15 886.558
15.0167 886.843
15.0333 887.127
15.05 887.412
15.0667 887.696
15.0833 887.979
15.1 888.263
15.1167 888.546
15.1333 888.829
15.15 889.112
15.1667 889.394
15.1833 889.677
15.2 889.959
15.2167 890.24
15.2333 890.522
15.25 890.803
15.2667 891.084
15.2833 891.365
15.3 891.645
15.3167 891.925
15.3333 892.205
15.35 892.485
15.3667 892.765
15.3833 893.044
15.4 893.323
15.4167 893.601
15.4333 893.88
15.45 894.158
15.4667 894.436
15.4833 894.714
15.5 894.991
15.5167 895.269
15.5333 895.546
15.55 895.822
15.5667 896.099
15.5833 896.375
15.6 896.651
15.6167 896.927
15.6333 897.202
15.65 897.477
15.6667 897.752
15.6833 898.027
15.7 898.302
15.7167 898.576
15.7333 898.85
15.75 899.124
15.7667 899.397
15.7833 899.67
15.8 899.943
15.8167 900.216
15.8333 900.489
15.85 900.761
15.8667 901.033
15.8833 901.305
15.9 901.576
15.9167 901.848
15.9333 902.119
15.95 902.39
15.9667 902.66
15.9833 902.931
16 903.201
16.0167 903.47
16.0333 903.74
16.05 904.009
16.0667 904.279
16.0833 904.547
16.1 904.816
16.1167 905.084
16.1333 905.353
16.15 905.621
16.1667 905.888
16.1833 906.156
16.2 906.423
16.2167 906.69
16.2333 906.957
16.25 907.223
16.2667 907.489
16.2833 907.755
16.3 908.021
16.3167 908.287
16.3333 908.552
16.35 908.817
16.3667 909.082
16.3833 909.346
16.4 909.611
16.4167 909.875
16.4333 910.139
16.45 910.402
16.4667 910.666
16.4833 910.929
16.5 911.192
16.5167 911.454
16.5333 911.717
16.55 911.979
16.5667 912.241
16.5833 912.503
16.6 912.764
16.6167 913.025
16.6333 913.286
16.65 913.547
16.6667 913.808
16.6833 914.068
16.7 914.328
16.7167 914.588
16.7333 914.848
16.75 915.107
16.7667 915.366
16.7833 915.625
16.8 915.884
16.8167 916.142
16.8333 916.4
16.85 916.658
16.8667 916.916
16.8833 917.174
16.9 917.431
16.9167 917.688
16.9333 917.945
16.95 918.202
16.9667 918.458
16.9833 918.714
17 918.97
17.0167 919.226
17.0333 919.481
17.05 919.736
17.0667 919.991
17.0833 920.246
17.1 920.501
17.1167 920.755
17.1333 921.009
17.15 921.263
17.1667 921.516
17.1833 921.77
17.2 922.023
17.2167 922.276
17.2333 922.529
17.25 922.781
17.2667 923.033
17.2833 923.285
17.3 923.537
17.3167 923.789
17.3333 924.04
17.35 924.291
17.3667 924.542
17.3833 924.793
17.4 925.043
17.4167 925.293
17.4333 925.543
17.45 925.793
17.4667 926.043
17.4833 926.292
17.5 926.541
17.5167 926.79
17.5333 927.039
17.55 927.287
17.5667 927.535
17.5833 927.783
17.6 928.031
17.6167 928.278
17.6333 928.526
17.65 928.773
17.6667 929.02
17.6833 929.266
17.7 929.513
17.7167 929.759
17.7333 930.005
17.75 930.251
17.7667 930.496
17.7833 930.742
17.8 930.987
17.8167 931.231
17.8333 931.476
17.85 931.721
17.8667 931.965
17.8833 932.209
17.9 932.453
17.9167 932.696
17.9333 932.939
17.95 933.183
17.9667 933.425
17.9833 933.668
18 933.911
18.0167 934.153
18.0333 934.395
18.05 934.637
18.0667 934.878
18.0833 935.12
18.1 935.361
18.1167 935.602
18.1333 935.842
18.15 936.083
18.1667 936.323
18.1833 936.563
18.2 936.803
18.2167 937.043
18.2333 937.282
18.25 937.521
18.2667 937.76
18.2833 937.999
18.3 938.238
18.3167 938.476
18.3333 938.714
18.35 938.952
18.3667 939.19
18.3833 939.427
18.4 939.664
18.4167 939.901
18.4333 940.138
18.45 940.375
18.4667 940.611
18.4833 940.847
18.5 941.083
18.5167 941.319
18.5333 941.555
18.55 941.79
18.5667 942.025
18.5833 942.26
18.6 942.495
18.6167 942.729
18.6333 942.964
18.65 943.198
18.6667 943.432
18.6833 943.665
18.7 943.899
18.7167 944.132
18.7333 944.365
18.75 944.598
18.7667 944.83
18.7833 945.063
18.8 945.295
18.8167 945.527
18.8333 945.759
18.85 945.99
18.8667 946.222
18.8833 946.453
18.9 946.684
18.9167 946.914
18.9333 947.145
18.95 947.375
18.9667 947.605
18.9833 947.835
19 948.065
19.0167 948.294
19.0333 948.524
19.05 948.753
19.0667 948.982
19.0833 949.21
19.1 949.439
19.1167 949.667
19.1333 949.895
19.15 950.123
19.1667 950.351
19.1833 950.578
19.2 950.805
19.2167 951.032
19.2333 951.259
19.25 951.486
19.2667 951.712
19.2833 951.938
19.3 952.164
19.3167 952.39
19.3333 952.616
19.35 952.841
19.3667 953.066
19.3833 953.291
19.4 953.516
19.4167 953.74
19.4333 953.965
19.45 954.189
19.4667 954.413
19.4833 954.637
19.5 954.86
19.5167 955.084
19.5333 955.307
19.55 955.53
19.5667 955.752
19.5833 955.975
19.6 956.197
19.6167 956.419
19.6333 956.641
19.65 956.863
19.6667 957.085
19.6833 957.306
19.7 957.527
19.7167 957.748
19.7333 957.969
19.75 958.189
19.7667 958.41
19.7833 958.63
19.8 958.85
19.8167 959.07
19.8333 959.289
19.85 959.509
19.8667 959.728
19.8833 959.947
19.9 960.165
19.9167 960.384
19.9333 960.602
19.95 960.821
19.9667 961.039
19.9833 961.256
