0 300 
0.0166667 300.878 
0.0333333 301.755 
0.05 302.632 
0.0666667 303.507 
0.0833333 304.382 
0.1 305.257 
0.116667 306.13 
0.133333 307.003 
0.15 307.876 
0.166667 308.747 
0.183333 309.618 
0.2 310.488 
0.216667 311.358 
0.233333 312.227 
0.25 313.095 
0.266667 313.962 
0.283333 314.829 
0.3 315.695 
0.316667 316.56 
0.333333 317.425 
0.35 318.289 
0.366667 319.152 
0.383333 320.015 
0.4 320.877 
0.416667 321.738 
0.433333 322.598 
0.45 323.458 
0.466667 324.317 
0.483333 325.176 
0.5 326.034 
0.516667 326.891 
0.533333 327.747 
0.55 328.603 
0.566667 329.458 
0.583333 330.312 
0.6 331.166 
0.616667 332.019 
0.633333 332.871 
0.65 333.723 
0.666667 334.574 
0.683333 335.424 
0.7 336.274 
0.716667 337.123 
0.733333 337.971 
0.75 338.818 
0.766667 339.665 
0.783333 340.512 
0.8 341.357 
0.816667 342.202 
0.833333 343.046 
0.85 343.89 
0.866667 344.733 
0.883333 345.575 
0.9 346.416 
0.916667 347.257 
0.933333 348.097 
0.95 348.937 
0.966667 349.776 
0.983333 350.614 
1 351.451 
1.01667 352.288 
1.03333 353.124 
1.05 353.96 
1.06667 354.794 
1.08333 355.629 
1.1 356.462 
1.11667 357.295 
1.13333 358.127 
1.15 358.958 
1.16667 359.789 
1.18333 360.619 
1.2 361.449 
1.21667 362.278 
1.23333 363.106 
1.25 363.933 
1.26667 364.76 
1.28333 365.586 
1.3 366.412 
1.31667 367.237 
1.33333 368.061 
1.35 368.885 
1.36667 369.708 
1.38333 370.53 
1.4 371.351 
1.41667 372.172 
1.43333 372.993 
1.45 373.812 
1.46667 374.631 
1.48333 375.449 
1.5 376.267 
1.51667 377.084 
1.53333 377.9 
1.55 378.716 
1.56667 379.531 
1.58333 380.346 
1.6 381.159 
1.61667 381.972 
1.63333 382.785 
1.65 383.597 
1.66667 384.408 
1.68333 385.218 
1.7 386.028 
1.71667 386.837 
1.73333 387.646 
1.75 388.454 
1.76667 389.261 
1.78333 390.068 
1.8 390.874 
1.81667 391.679 
1.83333 392.484 
1.85 393.288 
1.86667 394.091 
1.88333 394.894 
1.9 395.696 
1.91667 396.498 
1.93333 397.299 
1.95 398.099 
1.96667 398.898 
1.98333 399.697 
2 400.496 
2.01667 401.293 
2.03333 402.09 
2.05 402.887 
2.06667 403.683 
2.08333 404.478 
2.1 405.272 
2.11667 406.066 
2.13333 406.859 
2.15 407.652 
2.16667 408.444 
2.18333 409.235 
2.2 410.026 
2.21667 410.816 
2.23333 411.605 
2.25 412.394 
2.26667 413.182 
2.28333 413.97 
2.3 414.757 
2.31667 415.543 
2.33333 416.329 
2.35 417.114 
2.36667 417.898 
2.38333 418.682 
2.4 419.465 
2.41667 420.248 
2.43333 421.03 
2.45 421.811 
2.46667 422.592 
2.48333 423.372 
2.5 424.151 
2.51667 424.93 
2.53333 425.708 
2.55 426.485 
2.56667 427.262 
2.58333 428.039 
2.6 428.814 
2.61667 429.589 
2.63333 430.364 
2.65 431.138 
2.66667 431.911 
2.68333 432.684 
2.7 433.456 
2.71667 434.227 
2.73333 434.998 
2.75 435.768 
2.76667 436.537 
2.78333 437.306 
2.8 438.074 
2.81667 438.842 
2.83333 439.609 
2.85 440.376 
2.86667 441.142 
2.88333 441.907 
2.9 442.671 
2.91667 443.435 
2.93333 444.199 
2.95 444.962 
2.96667 445.724 
2.98333 446.485 
3 447.246 
3.01667 448.007 
3.03333 448.766 
3.05 449.526 
3.06667 450.284 
3.08333 451.042 
3.1 451.799 
3.11667 452.556 
3.13333 453.312 
3.15 454.068 
3.16667 454.823 
3.18333 455.577 
3.2 456.331 
3.21667 457.084 
3.23333 457.836 
3.25 458.588 
3.26667 459.34 
3.28333 460.09 
3.3 460.84 
3.31667 461.59 
3.33333 462.339 
3.35 463.087 
3.36667 463.835 
3.38333 464.582 
3.4 465.328 
3.41667 466.074 
3.43333 466.82 
3.45 467.564 
3.46667 468.309 
3.48333 469.052 
3.5 469.795 
3.51667 470.537 
3.53333 471.279 
3.55 472.02 
3.56667 472.761 
3.58333 473.501 
3.6 474.24 
3.61667 474.979 
3.63333 475.717 
3.65 476.455 
3.66667 477.192 
3.68333 477.929 
3.7 478.664 
3.71667 479.4 
3.73333 480.134 
3.75 480.869 
3.76667 481.602 
3.78333 482.335 
3.8 483.067 
3.81667 483.799 
3.83333 484.53 
3.85 485.261 
3.86667 485.991 
3.88333 486.72 
3.9 487.449 
3.91667 488.178 
3.93333 488.905 
3.95 489.632 
3.96667 490.359 
3.98333 491.085 
4 491.81 
4.01667 492.535 
4.03333 493.259 
4.05 493.983 
4.06667 494.706 
4.08333 495.428 
4.1 496.15 
4.11667 496.872 
4.13333 497.592 
4.15 498.313 
4.16667 499.032 
4.18333 499.751 
4.2 500.47 
4.21667 501.188 
4.23333 501.905 
4.25 502.622 
4.26667 503.338 
4.28333 504.053 
4.3 504.768 
4.31667 505.483 
4.33333 506.197 
4.35 506.91 
4.36667 507.623 
4.38333 508.335 
4.4 509.047 
4.41667 509.758 
4.43333 510.468 
4.45 511.178 
4.46667 511.887 
4.48333 512.596 
4.5 513.304 
4.51667 514.012 
4.53333 514.719 
4.55 515.426 
4.56667 516.131 
4.58333 516.837 
4.6 517.542 
4.61667 518.246 
4.63333 518.95 
4.65 519.653 
4.66667 520.355 
4.68333 521.057 
4.7 521.759 
4.71667 522.46 
4.73333 523.16 
4.75 523.86 
4.76667 524.559 
4.78333 525.258 
4.8 525.956 
4.81667 526.653 
4.83333 527.35 
4.85 528.047 
4.86667 528.743 
4.88333 529.438 
4.9 530.133 
4.91667 530.827 
4.93333 531.521 
4.95 532.214 
4.96667 532.906 
4.98333 533.598 
5 534.29 
5.01667 534.981 
5.03333 535.671 
5.05 536.361 
5.06667 537.05 
5.08333 537.739 
5.1 538.427 
5.11667 539.114 
5.13333 539.801 
5.15 540.488 
5.16667 541.174 
5.18333 541.859 
5.2 542.544 
5.21667 543.228 
5.23333 543.912 
5.25 544.595 
5.26667 545.278 
5.28333 545.96 
5.3 546.642 
5.31667 547.323 
5.33333 548.003 
5.35 548.683 
5.36667 549.363 
5.38333 550.041 
5.4 550.72 
5.41667 551.398 
5.43333 552.075 
5.45 552.752 
5.46667 553.428 
5.48333 554.103 
5.5 554.778 
5.51667 555.453 
5.53333 556.127 
5.55 556.8 
5.56667 557.473 
5.58333 558.146 
5.6 558.818 
5.61667 559.489 
5.63333 560.16 
5.65 560.83 
5.66667 561.5 
5.68333 562.169 
5.7 562.837 
5.71667 563.506 
5.73333 564.173 
5.75 564.84 
5.76667 565.507 
5.78333 566.173 
5.8 566.838 
5.81667 567.503 
5.83333 568.167 
5.85 568.831 
5.86667 569.495 
5.88333 570.157 
5.9 570.82 
5.91667 571.481 
5.93333 572.143 
5.95 572.803 
5.96667 573.463 
5.98333 574.123 
6 574.782 
6.01667 575.441 
6.03333 576.099 
6.05 576.756 
6.06667 577.413 
6.08333 578.07 
6.1 578.726 
6.11667 579.381 
6.13333 580.036 
6.15 580.691 
6.16667 581.344 
6.18333 581.998 
6.2 582.651 
6.21667 583.303 
6.23333 583.955 
6.25 584.606 
6.26667 585.257 
6.28333 585.907 
6.3 586.557 
6.31667 587.206 
6.33333 587.854 
6.35 588.503 
6.36667 589.15 
6.38333 589.797 
6.4 590.444 
6.41667 591.09 
6.43333 591.735 
6.45 592.381 
6.46667 593.025 
6.48333 593.669 
6.5 594.313 
6.51667 594.956 
6.53333 595.598 
6.55 596.24 
6.56667 596.881 
6.58333 597.522 
6.6 598.163 
6.61667 598.803 
6.63333 599.442 
6.65 600.081 
6.66667 600.719 
6.68333 601.357 
6.7 601.995 
6.71667 602.632 
6.73333 603.268 
6.75 603.904 
6.76667 604.539 
6.78333 605.174 
6.8 605.808 
6.81667 606.442 
6.83333 607.075 
6.85 607.708 
6.86667 608.34 
6.88333 608.972 
6.9 609.604 
6.91667 610.234 
6.93333 610.865 
6.95 611.494 
6.96667 612.124 
6.98333 612.752 
7 613.381 
7.01667 614.009 
7.03333 614.636 
7.05 615.263 
7.06667 615.889 
7.08333 616.515 
7.1 617.14 
7.11667 617.765 
7.13333 618.389 
7.15 619.013 
7.16667 619.636 
7.18333 620.259 
7.2 620.881 
7.21667 621.503 
7.23333 622.124 
7.25 622.745 
7.26667 623.365 
7.28333 623.985 
7.3 624.604 
7.31667 625.223 
7.33333 625.841 
7.35 626.459 
7.36667 627.077 
7.38333 627.693 
7.4 628.31 
7.41667 628.926 
7.43333 629.541 
7.45 630.156 
7.46667 630.77 
7.48333 631.384 
7.5 631.998 
7.51667 632.611 
7.53333 633.223 
7.55 633.835 
7.56667 634.446 
7.58333 635.057 
7.6 635.668 
7.61667 636.278 
7.63333 636.887 
7.65 637.496 
7.66667 638.105 
7.68333 638.713 
7.7 639.32 
7.71667 639.927 
7.73333 640.534 
7.75 641.14 
7.76667 641.746 
7.78333 642.351 
7.8 642.956 
7.81667 643.56 
7.83333 644.163 
7.85 644.767 
7.86667 645.369 
7.88333 645.972 
7.9 646.573 
7.91667 647.175 
7.93333 647.775 
7.95 648.376 
7.96667 648.976 
7.98333 649.575 
8 650.174 
8.01667 650.772 
8.03333 651.37 
8.05 651.968 
8.06667 652.565 
8.08333 653.161 
8.1 653.757 
8.11667 654.353 
8.13333 654.948 
8.15 655.542 
8.16667 656.137 
8.18333 656.73 
8.2 657.323 
8.21667 657.916 
8.23333 658.508 
8.25 659.1 
8.26667 659.691 
8.28333 660.282 
8.3 660.873 
8.31667 661.462 
8.33333 662.052 
8.35 662.641 
8.36667 663.229 
8.38333 663.817 
8.4 664.405 
8.41667 664.992 
8.43333 665.578 
8.45 666.164 
8.46667 666.75 
8.48333 667.335 
8.5 667.92 
8.51667 668.504 
8.53333 669.088 
8.55 669.671 
8.56667 670.254 
8.58333 670.837 
8.6 671.418 
8.61667 672 
8.63333 672.581 
8.65 673.161 
8.66667 673.742 
8.68333 674.321 
8.7 674.9 
8.71667 675.479 
8.73333 676.057 
8.75 676.635 
8.76667 677.212 
8.78333 677.789 
8.8 678.365 
8.81667 678.941 
8.83333 679.517 
8.85 680.092 
8.86667 680.666 
8.88333 681.24 
8.9 681.814 
8.91667 682.387 
8.93333 682.96 
8.95 683.532 
8.96667 684.104 
8.98333 684.675 
9 685.246 
9.01667 685.817 
9.03333 686.386 
9.05 686.956 
9.06667 687.525 
9.08333 688.094 
9.1 688.662 
9.11667 689.229 
9.13333 689.797 
9.15 690.364 
9.16667 690.93 
9.18333 691.496 
9.2 692.061 
9.21667 692.626 
9.23333 693.191 
9.25 693.755 
9.26667 694.318 
9.28333 694.882 
9.3 695.444 
9.31667 696.007 
9.33333 696.568 
9.35 697.13 
9.36667 697.691 
9.38333 698.251 
9.4 698.811 
9.41667 699.371 
9.43333 699.93 
9.45 700.489 
9.46667 701.047 
9.48333 701.605 
9.5 702.162 
9.51667 702.719 
9.53333 703.276 
9.55 703.832 
9.56667 704.387 
9.58333 704.942 
9.6 705.497 
9.61667 706.051 
9.63333 706.605 
9.65 707.158 
9.66667 707.711 
9.68333 708.264 
9.7 708.816 
9.71667 709.368 
9.73333 709.919 
9.75 710.469 
9.76667 711.02 
9.78333 711.57 
9.8 712.119 
9.81667 712.668 
9.83333 713.216 
9.85 713.765 
9.86667 714.312 
9.88333 714.859 
9.9 715.406 
9.91667 715.953 
9.93333 716.499 
9.95 717.044 
9.96667 717.589 
9.98333 718.134 
10 718.678 
10.0167 719.222 
10.0333 719.765 
10.05 720.308 
10.0667 720.85 
10.0833 721.392 
10.1 721.934 
10.1167 722.475 
10.1333 723.016 
10.15 723.556 
10.1667 724.096 
10.1833 724.635 
10.2 725.174 
10.2167 725.713 
10.2333 726.251 
10.25 726.789 
10.2667 727.326 
10.2833 727.863 
10.3 728.399 
10.3167 728.935 
10.3333 729.471 
10.35 730.006 
10.3667 730.54 
10.3833 731.075 
10.4 731.609 
10.4167 732.142 
10.4333 732.675 
10.45 733.207 
10.4667 733.74 
10.4833 734.271 
10.5 734.803 
10.5167 735.334 
10.5333 735.864 
10.55 736.394 
10.5667 736.924 
10.5833 737.453 
10.6 737.982 
10.6167 738.51 
10.6333 739.038 
10.65 739.565 
10.6667 740.092 
10.6833 740.619 
10.7 741.145 
10.7167 741.671 
10.7333 742.196 
10.75 742.721 
10.7667 743.246 
10.7833 743.77 
10.8 744.294 
10.8167 744.817 
10.8333 745.34 
10.85 745.862 
10.8667 746.384 
10.8833 746.906 
10.9 747.427 
10.9167 747.948 
10.9333 748.468 
10.95 748.988 
10.9667 749.508 
10.9833 750.027 
11 750.546 
11.0167 751.064 
11.0333 751.582 
11.05 752.1 
11.0667 752.617 
11.0833 753.133 
11.1 753.649 
11.1167 754.165 
11.1333 754.681 
11.15 755.196 
11.1667 755.71 
11.1833 756.225 
11.2 756.738 
11.2167 757.252 
11.2333 757.765 
11.25 758.277 
11.2667 758.789 
11.2833 759.301 
11.3 759.812 
11.3167 760.323 
11.3333 760.834 
11.35 761.344 
11.3667 761.854 
11.3833 762.363 
11.4 762.872 
11.4167 763.38 
11.4333 763.888 
11.45 764.396 
11.4667 764.903 
11.4833 765.41 
11.5 765.916 
11.5167 766.422 
11.5333 766.928 
11.55 767.433 
11.5667 767.938 
11.5833 768.443 
11.6 768.947 
11.6167 769.45 
11.6333 769.953 
11.65 770.456 
11.6667 770.959 
11.6833 771.461 
11.7 771.962 
11.7167 772.464 
11.7333 772.964 
11.75 773.465 
11.7667 773.965 
11.7833 774.464 
11.8 774.964 
11.8167 775.462 
11.8333 775.961 
11.85 776.459 
11.8667 776.957 
11.8833 777.454 
11.9 777.951 
11.9167 778.447 
11.9333 778.943 
11.95 779.439 
11.9667 779.934 
11.9833 780.429 
12 780.923 
12.0167 781.417 
12.0333 781.911 
12.05 782.404 
12.0667 782.897 
12.0833 783.39 
12.1 783.882 
12.1167 784.373 
12.1333 784.865 
12.15 785.356 
12.1667 785.846 
12.1833 786.336 
12.2 786.826 
12.2167 787.315 
12.2333 787.804 
12.25 788.293 
12.2667 788.781 
12.2833 789.269 
12.3 789.756 
12.3167 790.243 
12.3333 790.73 
12.35 791.216 
12.3667 791.702 
12.3833 792.188 
12.4 792.673 
12.4167 793.157 
12.4333 793.642 
12.45 794.125 
12.4667 794.609 
12.4833 795.092 
12.5 795.575 
12.5167 796.057 
12.5333 796.539 
12.55 797.021 
12.5667 797.502 
12.5833 797.983 
12.6 798.463 
12.6167 798.943 
12.6333 799.423 
12.65 799.902 
12.6667 800.381 
12.6833 800.86 
12.7 801.338 
12.7167 801.816 
12.7333 802.293 
12.75 802.77 
12.7667 803.247 
12.7833 803.723 
12.8 804.199 
12.8167 804.674 
12.8333 805.15 
12.85 805.624 
12.8667 806.099 
12.8833 806.573 
12.9 807.046 
12.9167 807.519 
12.9333 807.992 
12.95 808.465 
12.9667 808.937 
12.9833 809.408 
13 809.88 
13.0167 810.351 
13.0333 810.821 
13.05 811.292 
13.0667 811.761 
13.0833 812.231 
13.1 812.7 
13.1167 813.169 
13.1333 813.637 
13.15 814.105 
13.1667 814.572 
13.1833 815.04 
13.2 815.507 
13.2167 815.973 
13.2333 816.439 
13.25 816.905 
13.2667 817.37 
13.2833 817.835 
13.3 818.3 
13.3167 818.764 
13.3333 819.228 
13.35 819.691 
13.3667 820.154 
13.3833 820.617 
13.4 821.08 
13.4167 821.542 
13.4333 822.003 
13.45 822.465 
13.4667 822.925 
13.4833 823.386 
13.5 823.846 
13.5167 824.306 
13.5333 824.765 
13.55 825.224 
13.5667 825.683 
13.5833 826.142 
13.6 826.6 
13.6167 827.057 
13.6333 827.514 
13.65 827.971 
13.6667 828.428 
13.6833 828.884 
13.7 829.34 
13.7167 829.795 
13.7333 830.25 
13.75 830.705 
13.7667 831.159 
13.7833 831.613 
13.8 832.067 
13.8167 832.52 
13.8333 832.973 
13.85 833.425 
13.8667 833.878 
13.8833 834.329 
13.9 834.781 
13.9167 835.232 
13.9333 835.683 
13.95 836.133 
13.9667 836.583 
13.9833 837.033 
14 837.482 
14.0167 837.931 
14.0333 838.379 
14.05 838.828 
14.0667 839.276 
14.0833 839.723 
14.1 840.17 
14.1167 840.617 
14.1333 841.063 
14.15 841.509 
14.1667 841.955 
14.1833 842.4 
14.2 842.845 
14.2167 843.29 
14.2333 843.734 
14.25 844.178 
14.2667 844.622 
14.2833 845.065 
14.3 845.508 
14.3167 845.951 
14.3333 846.393 
14.35 846.835 
14.3667 847.276 
14.3833 847.717 
14.4 848.158 
14.4167 848.598 
14.4333 849.038 
14.45 849.478 
14.4667 849.917 
14.4833 850.356 
14.5 850.795 
14.5167 851.233 
14.5333 851.671 
14.55 852.109 
14.5667 852.546 
14.5833 852.983 
14.6 853.42 
14.6167 853.856 
14.6333 854.292 
14.65 854.727 
14.6667 855.162 
14.6833 855.597 
14.7 856.032 
14.7167 856.466 
14.7333 856.9 
14.75 857.333 
14.7667 857.766 
14.7833 858.199 
14.8 858.631 
14.8167 859.063 
14.8333 859.495 
14.85 859.926 
14.8667 860.357 
14.8833 860.788 
14.9 861.218 
14.9167 861.648 
14.9333 862.078 
14.95 862.507 
14.9667 862.936 
14.9833 863.365 
15 863.793 
15.0167 864.221 
15.0333 864.649 
15.05 865.076 
15.0667 865.503 
15.0833 865.929 
15.1 866.356 
15.1167 866.781 
15.1333 867.207 
15.15 867.632 
15.1667 868.057 
15.1833 868.482 
15.2 868.906 
15.2167 869.33 
15.2333 869.753 
15.25 870.176 
15.2667 870.599 
15.2833 871.022 
15.3 871.444 
15.3167 871.866 
15.3333 872.287 
15.35 872.708 
15.3667 873.129 
15.3833 873.549 
15.4 873.97 
15.4167 874.389 
15.4333 874.809 
15.45 875.228 
15.4667 875.647 
15.4833 876.065 
15.5 876.483 
15.5167 876.901 
15.5333 877.319 
15.55 877.736 
15.5667 878.153 
15.5833 878.569 
15.6 878.985 
15.6167 879.401 
15.6333 879.817 
15.65 880.232 
15.6667 880.646 
15.6833 881.061 
15.7 881.475 
15.7167 881.889 
15.7333 882.302 
15.75 882.716 
15.7667 883.128 
15.7833 883.541 
15.8 883.953 
15.8167 884.365 
15.8333 884.776 
15.85 885.188 
15.8667 885.598 
15.8833 886.009 
15.9 886.419 
15.9167 886.829 
15.9333 887.239 
15.95 887.648 
15.9667 888.057 
15.9833 888.465 
16 888.873 
16.0167 889.281 
16.0333 889.689 
16.05 890.096 
16.0667 890.503 
16.0833 890.91 
16.1 891.316 
16.1167 891.722 
16.1333 892.128 
16.15 892.533 
16.1667 892.938 
16.1833 893.343 
16.2 893.747 
16.2167 894.151 
16.2333 894.555 
16.25 894.958 
16.2667 895.361 
16.2833 895.764 
16.3 896.166 
16.3167 896.568 
16.3333 896.97 
16.35 897.372 
16.3667 897.773 
16.3833 898.174 
16.4 898.574 
16.4167 898.974 
16.4333 899.374 
16.45 899.774 
16.4667 900.173 
16.4833 900.572 
16.5 900.97 
16.5167 901.369 
16.5333 901.766 
16.55 902.164 
16.5667 902.561 
16.5833 902.958 
16.6 903.355 
16.6167 903.751 
16.6333 904.147 
16.65 904.543 
16.6667 904.939 
16.6833 905.334 
16.7 905.728 
16.7167 906.123 
16.7333 906.517 
16.75 906.911 
16.7667 907.304 
16.7833 907.698 
16.8 908.091 
16.8167 908.483 
16.8333 908.875 
16.85 909.267 
16.8667 909.659 
16.8833 910.05 
16.9 910.441 
16.9167 910.832 
16.9333 911.222 
16.95 911.612 
16.9667 912.002 
16.9833 912.392 
17 912.781 
17.0167 913.17 
17.0333 913.558 
17.05 913.946 
17.0667 914.334 
17.0833 914.722 
17.1 915.109 
17.1167 915.496 
17.1333 915.883 
17.15 916.269 
17.1667 916.655 
17.1833 917.041 
17.2 917.426 
17.2167 917.811 
17.2333 918.196 
17.25 918.581 
17.2667 918.965 
17.2833 919.349 
17.3 919.733 
17.3167 920.116 
17.3333 920.499 
17.35 920.881 
17.3667 921.264 
17.3833 921.646 
17.4 922.028 
17.4167 922.409 
17.4333 922.79 
17.45 923.171 
17.4667 923.552 
17.4833 923.932 
17.5 924.312 
17.5167 924.691 
17.5333 925.071 
17.55 925.45 
17.5667 925.828 
17.5833 926.207 
17.6 926.585 
17.6167 926.963 
17.6333 927.34 
17.65 927.718 
17.6667 928.094 
17.6833 928.471 
17.7 928.847 
17.7167 929.223 
17.7333 929.599 
17.75 929.975 
17.7667 930.35 
17.7833 930.724 
17.8 931.099 
17.8167 931.473 
17.8333 931.847 
17.85 932.221 
17.8667 932.594 
17.8833 932.967 
17.9 933.34 
17.9167 933.712 
17.9333 934.084 
17.95 934.456 
17.9667 934.828 
17.9833 935.199 
18 935.57 
18.0167 935.941 
18.0333 936.311 
18.05 936.681 
18.0667 937.051 
18.0833 937.42 
18.1 937.789 
18.1167 938.158 
18.1333 938.527 
18.15 938.895 
18.1667 939.263 
18.1833 939.631 
18.2 939.998 
18.2167 940.365 
18.2333 940.732 
18.25 941.099 
18.2667 941.465 
18.2833 941.831 
18.3 942.196 
18.3167 942.562 
18.3333 942.927 
18.35 943.292 
18.3667 943.656 
18.3833 944.02 
18.4 944.384 
18.4167 944.748 
18.4333 945.111 
18.45 945.474 
18.4667 945.837 
18.4833 946.199 
18.5 946.562 
18.5167 946.923 
18.5333 947.285 
18.55 947.646 
18.5667 948.007 
18.5833 948.368 
18.6 948.728 
18.6167 949.089 
18.6333 949.448 
18.65 949.808 
18.6667 950.167 
18.6833 950.526 
18.7 950.885 
18.7167 951.243 
18.7333 951.602 
18.75 951.959 
18.7667 952.317 
18.7833 952.674 
18.8 953.031 
18.8167 953.388 
18.8333 953.744 
18.85 954.101 
18.8667 954.456 
18.8833 954.812 
18.9 955.167 
18.9167 955.522 
18.9333 955.877 
18.95 956.231 
18.9667 956.586 
18.9833 956.939 
19 957.293 
19.0167 957.646 
19.0333 957.999 
19.05 958.352 
19.0667 958.705 
19.0833 959.057 
19.1 959.409 
19.1167 959.76 
19.1333 960.112 
19.15 960.463 
19.1667 960.813 
19.1833 961.164 
19.2 961.514 
19.2167 961.864 
19.2333 962.214 
19.25 962.563 
19.2667 962.912 
19.2833 963.261 
19.3 963.61 
19.3167 963.958 
19.3333 964.306 
19.35 964.654 
19.3667 965.001 
19.3833 965.348 
19.4 965.695 
19.4167 966.042 
19.4333 966.388 
19.45 966.734 
19.4667 967.08 
19.4833 967.425 
19.5 967.771 
19.5167 968.115 
19.5333 968.46 
19.55 968.805 
19.5667 969.149 
19.5833 969.493 
19.6 969.836 
19.6167 970.179 
19.6333 970.522 
19.65 970.865 
19.6667 971.208 
19.6833 971.55 
19.7 971.892 
19.7167 972.233 
19.7333 972.575 
19.75 972.916 
19.7667 973.257 
19.7833 973.597 
19.8 973.938 
19.8167 974.278 
19.8333 974.617 
19.85 974.957 
19.8667 975.296 
19.8833 975.635 
19.9 975.974 
19.9167 976.312 
19.9333 976.65 
19.95 976.988 
19.9667 977.326 
19.9833 977.663 
20 978 
